$ANSIBLE_VAULT;1.1;AES256
32633930396532323164653933623639643031373935643736396161363666356534613831616363
3238343265633466333335343535326364616438316632620a303239656363386233376266666330
66636661656236376532643562376334393634633162613263313931316530336439623365666364
3039393330633663620a633130323865326237356333633266386536386631663732623130393036
63353366643830343765316466613666363733346663613862613335306636313639383964386331
38653863333662623866356463346665323066326162643339333030336630316439373464356239
39323232313762393039306165333235666164613035303861313638393164326636613130653830
37633938396661356663353736386438366132303563326561653865316561313137303534653234
36356262663537636135663463663035306133653036663336643034343439306637353734303530
66363364363633366663653230303632636337333032323930313430343562323239386363386239
63346164656362336631646436663662313532373565306131666666373364383463393738376231
62643638343666363065393135356137363961393837323064663134656563323066623938653330
62336637313661366234346432333732386339303230336339663535643034663133626462653361
65613462393830336632336437386330303532643434306661333237333764613131306435663137
30633235323532646166646630356138313835643432643334646664393137353538623939666234
38326563386131313039363635373934666633363739363230356161623530373836656365306234
35353632373033373865316339336365653338323461303934383236656562366161653839636263
61613635666664613132396333323735343533343265623332316136356338306537636464343039
39363435323632343139363835646362633163663464656530343466363565616438343461373163
65353566636366646134336533393739643439643632616431316439663266326666323461626337
63323362376336396662326432613061323463353730663764393863323538653863346232356138
36313834656633363935356537383836306164616266366463346331303836393161326361626536
32616330383236623966306161376335373534633161386361346537303630636332633230326332
63353162316561373063623433303332373431626439326662633337633634323866323238316263
66393237633338363465313039313336363266343530336130353661326536613931323564323330
34626136663032333937623139613462333634303862313138633033656666383132313632646466
33323366383863616462366161633732343563663566373832323033633661326566393264653036
39363335386534656362656462366332326639303531353961323130623563393731363836333839
38373037393332333863323963393338656166313461386362666335623163306464316536643335
61373466386666623930386131356464326239343537633566303433393531336239366338313061
63393363376639643464326537633432316633303264623730303734366136653931626337363964
37383330303865666332636166643836323830623335616334396562363138303365313139336163
30616536343265613666636432396334646132666466303236366431376265656666
